01,79263402459, 1677628800, 1677629808
02,79329215724, 1677628800, 1677628864
01,79312161317, 1677628800, 1677632164
02,79213428586, 1677628800, 1677629232
02,79242238832, 1677628800, 1677628935
01,79269018407, 1677628800, 1677628824
01,79303578297, 1677628800, 1677628944
02,79294269488, 1677628800, 1677628968
01,79245609306, 1677628800, 1677629120
02,79309022490, 1677628800, 1677628971
02,79207032295, 1677628800, 1677630116
01,79249329531, 1677628800, 1677629988
01,79354697587, 1677628800, 1677628872
02,79342195864, 1677628800, 1677629064
01,79279668873, 1677628800, 1677629220
02,79269018407, 1677633302, 1677633326
01,79329215724, 1677638428, 1677638868
01,79249329531, 1677660809, 1677661205
01,79354697587, 1677666007, 1677666070
02,79312161317, 1677669108, 1677669862
01,79279668873, 1677676058, 1677676177
01,79303578297, 1677682034, 1677682674
02,79245609306, 1677685726, 1677685886
02,79309022490, 1677689409, 1677692943
01,79242238832, 1677693351, 1677693516
01,79312161317, 1677697570, 1677698730
01,79213428586, 1677703257, 1677703689
01,79213428586, 1677703689, 1677703869
02,79329215724, 1677705816, 1677706200
02,79309022490, 1677718845, 1677719415
01,79354697587, 1677729730, 1677729820
01,79354697587, 1677729820, 1677729901
01,79279668873, 1677731531, 1677731594
02,79269018407, 1677731842, 1677732382
01,79303578297, 1677741073, 1677741121
01,79245609306, 1677742492, 1677742684
01,79279668873, 1677748626, 1677748640
02,79207032295, 1677752292, 1677755253
01,79312161317, 1677763382, 1677763382
02,79309022490, 1677771219, 1677771504
01,79269018407, 1677772684, 1677773308
02,79242238832, 1677795508, 1677795523
02,79207032295, 1677797749, 1677798125
01,79294269488, 1677835956, 1677836229
01,79269018407, 1677836000, 1677836096
01,79213428586, 1677837114, 1677837618
01,79263402459, 1677837666, 1677838194
02,79242238832, 1677843835, 1677844165
02,79207032295, 1677845933, 1677845980
02,79245609306, 1677850750, 1677851166
02,79207032295, 1677872540, 1677872916
01,79263402459, 1677876372, 1677876948
02,79263402459, 1677881190, 1677881430
02,79309022490, 1677883746, 1677884145
01,79329215724, 1677887916, 1677888044
01,79342195864, 1677888389, 1677888620
02,79213428586, 1677896838, 1677897270
02,79242238832, 1677897845, 1677897905
02,79309022490, 1677901413, 1677902325
01,79213428586, 1677912075, 1677912471
02,79269018407, 1677916700, 1677917024
01,79279668873, 1677931734, 1677931811
01,79263402459, 1677932334, 1677932910
01,79309022490, 1677932544, 1677933513
01,79249329531, 1677934191, 1677934983
02,79249329531, 1677943789, 1677944053
01,79207032295, 1677947284, 1677947801
02,79269018407, 1677961804, 1677962260
01,79312161317, 1677961956, 1677962710
02,79207032295, 1677963737, 1677964301
02,79312161317, 1677976564, 1677980218
01,79242238832, 1677978425, 1677978845
02,79309022490, 1677989634, 1677991173
02,79263402459, 1677992298, 1677994266
01,79309022490, 1678012758, 1678014069
02,79342195864, 1678025355, 1678025432
01,79312161317, 1678031016, 1678033046
01,79303578297, 1678038425, 1678038601
01,79312161317, 1678042282, 1678045936
02,79263402459, 1678053654, 1678056102
02,79354697587, 1678058811, 1678058928
02,79245609306, 1678082736, 1678083664
01,79242238832, 1678086205, 1678086220
02,79342195864, 1678086727, 1678087387
02,79354697587, 1678096063, 1678096153
02,79279668873, 1678102131, 1678102502
01,79303578297, 1678102309, 1678102933
01,79249329531, 1678106964, 1678106997
02,79294269488, 1678109277, 1678109445
02,79312161317, 1678115206, 1678118860
02,79249329531, 1678137818, 1678137818
02,79342195864, 1678148682, 1678148704
02,79213428586, 1678154286, 1678154682
02,79312161317, 1678160422, 1678164018
02,79342195864, 1678172279, 1678172290
01,79213428586, 1678174422, 1678176366
01,79329215724, 1678184528, 1678184712
02,79294269488, 1678188717, 1678189683
02,79294269488, 1678194087, 1678194129
01,79213428586, 1678201041, 1678201617
01,79245609306, 1678202022, 1678202246
02,79309022490, 1678221285, 1678224819
02,79342195864, 1678224155, 1678224265
01,79312161317, 1678228670, 1678230352
01,79354697587, 1678234083, 1678234641
01,79309022490, 1678237770, 1678241076
01,79269018407, 1678239896, 1678239932
01,79309022490, 1678245393, 1678248300
02,79354697587, 1678250556, 1678250682
01,79294269488, 1678255785, 1678256016
01,79309022490, 1678256934, 1678258017
02,79309022490, 1678270968, 1678271082
02,79342195864, 1678271415, 1678271525
02,79207032295, 1678272397, 1678274747
01,79294269488, 1678286844, 1678287075
02,79303578297, 1678288748, 1678288940
02,79263402459, 1678289412, 1678289556
02,79309022490, 1678296984, 1678300632
02,79269018407, 1678302624, 1678302756
02,79263402459, 1678315008, 1678315152
02,79245609306, 1678320604, 1678321052
01,79309022490, 1678330851, 1678331934
01,79294269488, 1678339923, 1678340154
01,79249329531, 1678349162, 1678349492
02,79269018407, 1678352014, 1678352158
01,79249329531, 1678353895, 1678353961
02,79312161317, 1678359656, 1678363136
02,79279668873, 1678362240, 1678362296
02,79303578297, 1678363266, 1678363266
02,79213428586, 1678379277, 1678379781
02,79242238832, 1678386828, 1678387008
01,79269018407, 1678387982, 1678388102
01,79294269488, 1678397406, 1678397679
01,79303578297, 1678411047, 1678411255
02,79279668873, 1678417650, 1678417734
01,79269018407, 1678428404, 1678429052
01,79242238832, 1678440688, 1678441408
02,79245609306, 1678444556, 1678446380
01,79294269488, 1678450527, 1678450800
02,79329215724, 1678452504, 1678452952
01,79329215724, 1678467298, 1678467306
02,79312161317, 1678478586, 1678478818
02,79279668873, 1678490120, 1678490260
01,79269018407, 1678491744, 1678492188
02,79354697587, 1678494712, 1678494910
01,79294269488, 1678508052, 1678508535
02,79263402459, 1678510284, 1678511532
02,79213428586, 1678513026, 1678513386
01,79354697587, 1678532045, 1678532432
01,79263402459, 1678541226, 1678543866
02,79269018407, 1678541446, 1678541602
01,79312161317, 1678548088, 1678548378
01,79342195864, 1678549710, 1678549787
01,79342195864, 1678563932, 1678563932
01,79309022490, 1678565052, 1678565622
02,79354697587, 1678569567, 1678569693
02,79294269488, 1678583403, 1678583676
02,79245609306, 1678595614, 1678597054
02,79329215724, 1678601202, 1678601234
02,79263402459, 1678603254, 1678603830
01,79269018407, 1678604294, 1678604438
02,79269018407, 1678604438, 1678604762
01,79249329531, 1678609335, 1678609863
02,79207032295, 1678609403, 1678609497
01,79342195864, 1678615797, 1678615808
02,79303578297, 1678618306, 1678618546
02,79342195864, 1678620523, 1678620534
01,79329215724, 1678649054, 1678649118
02,79207032295, 1678651993, 1678652322
02,79245609306, 1678658806, 1678658838
02,79263402459, 1678658976, 1678661952
01,79342195864, 1678667684, 1678668366
02,79329215724, 1678673028, 1678673084
01,79303578297, 1678676945, 1678676993
02,79249329531, 1678697923, 1678697923
01,79263402459, 1678700130, 1678700178
02,79245609306, 1678710298, 1678710554
02,79342195864, 1678715516, 1678715571
01,79329215724, 1678716122, 1678716234
01,79207032295, 1678721378, 1678721801
02,79249329531, 1678728744, 1678728975
01,79309022490, 1678746936, 1678747107
01,79263402459, 1678751082, 1678751898
02,79303578297, 1678751319, 1678751415
02,79309022490, 1678751424, 1678753590
01,79354697587, 1678755368, 1678755422
01,79303578297, 1678756724, 1678756932
02,79279668873, 1678758514, 1678758556
01,79242238832, 1678779592, 1678779787
02,79342195864, 1678781581, 1678781812
02,79245609306, 1678782598, 1678784358
01,79249329531, 1678786214, 1678786346
02,79245609306, 1678789504, 1678789568
02,79213428586, 1678794681, 1678795077
01,79294269488, 1678795068, 1678795110
02,79354697587, 1678803167, 1678803581
02,79309022490, 1678809711, 1678812333
01,79242238832, 1678817363, 1678817483
02,79213428586, 1678819752, 1678820112
01,79312161317, 1678834694, 1678837130
01,79354697587, 1678835411, 1678835456
02,79269018407, 1678846574, 1678846598
02,79303578297, 1678847185, 1678847265
02,79249329531, 1678847988, 1678848417
02,79269018407, 1678860032, 1678860152
01,79354697587, 1678861981, 1678862080
01,79312161317, 1678869456, 1678873052
01,79207032295, 1678875849, 1678875943
01,79309022490, 1678881405, 1678882944
01,79303578297, 1678884428, 1678884428
01,79309022490, 1678895895, 1678899144
01,79312161317, 1678909996, 1678913244
01,79303578297, 1678932209, 1678932209
01,79269018407, 1678940756, 1678940756
02,79354697587, 1678946960, 1678947086
01,79263402459, 1678947030, 1678948374
02,79312161317, 1678959424, 1678960120
02,79342195864, 1678965697, 1678966357
02,79354697587, 1678973611, 1678973710
02,79303578297, 1678985299, 1678985475
01,79342195864, 1678989932, 1678990042
02,79294269488, 1678993290, 1678993479
02,79269018407, 1678994492, 1678994600
02,79279668873, 1678997004, 1678997018
02,79354697587, 1679000235, 1679000253
01,79329215724, 1679012718, 1679012814
02,79279668873, 1679014050, 1679014148
02,79312161317, 1679015536, 1679015884
02,79354697587, 1679016168, 1679016735
01,79342195864, 1679023047, 1679023707
01,79242238832, 1679032203, 1679032503
01,79279668873, 1679035438, 1679035802
01,79269018407, 1679048336, 1679048480
02,79269018407, 1679048480, 1679048516
02,79309022490, 1679050239, 1679050695
02,79329215724, 1679070198, 1679070294
02,79342195864, 1679070857, 1679070901
02,79279668873, 1679078382, 1679078382
01,79309022490, 1679085231, 1679085972
02,79342195864, 1679099191, 1679099873
01,79249329531, 1679099388, 1679099817
01,79245609306, 1679113766, 1679114118
01,79245609306, 1679119264, 1679119680
01,79213428586, 1679121147, 1679121219
02,79245609306, 1679135118, 1679135662
01,79329215724, 1679137242, 1679137466
01,79279668873, 1679137994, 1679138022
02,79294269488, 1679169639, 1679170374
01,79294269488, 1679179182, 1679179560
01,79294269488, 1679197176, 1679197281
01,79207032295, 1679215911, 1679216052
02,79263402459, 1679219862, 1679220102
02,79263402459, 1679224344, 1679224584
01,79207032295, 1679226676, 1679228697
02,79242238832, 1679236487, 1679237162
01,79303578297, 1679240307, 1679240483
02,79354697587, 1679250155, 1679250236
01,79269018407, 1679254504, 1679254552
01,79207032295, 1679260569, 1679261180
01,79242238832, 1679264002, 1679264107
02,79245609306, 1679264312, 1679265176
02,79249329531, 1679271534, 1679271831
01,79312161317, 1679279110, 1679279284
01,79312161317, 1679279284, 1679279342
02,79242238832, 1679280211, 1679280736
01,79242238832, 1679280736, 1679281636
01,79354697587, 1679287371, 1679287425
02,79303578297, 1679288264, 1679288280
01,79354697587, 1679298035, 1679298071
01,79294269488, 1679307381, 1679308662
02,79312161317, 1679311668, 1679313930
02,79312161317, 1679313930, 1679314684
01,79245609306, 1679316636, 1679318492
01,79213428586, 1679328489, 1679328525
02,79249329531, 1679337876, 1679339889
02,79245609306, 1679354514, 1679354706
01,79354697587, 1679356426, 1679356471
02,79309022490, 1679362260, 1679362545
01,79263402459, 1679381538, 1679383218
02,79263402459, 1679387460, 1679387652
02,79342195864, 1679392203, 1679392621
01,79309022490, 1679405715, 1679408736
01,79279668873, 1679410534, 1679410569
01,79309022490, 1679413053, 1679415048
02,79329215724, 1679414822, 1679415326
01,79354697587, 1679420131, 1679420176
01,79263402459, 1679442798, 1679445534
01,79249329531, 1679454367, 1679456017
02,79342195864, 1679468061, 1679468061
02,79329215724, 1679472710, 1679473070
02,79354697587, 1679483836, 1679483881
02,79279668873, 1679491471, 1679491555
02,79263402459, 1679492196, 1679492820
02,79342195864, 1679496351, 1679496351
02,79279668873, 1679521361, 1679521732
02,79279668873, 1679521732, 1679521830
01,79249329531, 1679530868, 1679532716
02,79263402459, 1679530998, 1679533734
02,79269018407, 1679532188, 1679532656
02,79279668873, 1679543120, 1679543309
01,79207032295, 1679553340, 1679554562
02,79207032295, 1679565186, 1679565703
01,79242238832, 1679566140, 1679566215
01,79294269488, 1679577306, 1679577411
01,79309022490, 1679583411, 1679586489
02,79263402459, 1679588880, 1679589168
01,79294269488, 1679595027, 1679595216
01,79312161317, 1679596382, 1679599398
01,79309022490, 1679603757, 1679603928
01,79213428586, 1679614755, 1679616123
02,79269018407, 1679617738, 1679617858
01,79242238832, 1679619895, 1679620525
01,79303578297, 1679628056, 1679628168
02,79309022490, 1679629830, 1679630571
01,79342195864, 1679633086, 1679633295
02,79342195864, 1679638010, 1679638076
02,79312161317, 1679640960, 1679642062
01,79342195864, 1679642791, 1679643055
02,79279668873, 1679654017, 1679654066
02,79279668873, 1679662582, 1679662645
02,79303578297, 1679665331, 1679665363
01,79309022490, 1679669424, 1679670108
01,79245609306, 1679684050, 1679686034
01,79303578297, 1679686599, 1679687623
02,79329215724, 1679693042, 1679693114
01,79309022490, 1679700327, 1679700954
02,79294269488, 1679700912, 1679701857
01,79207032295, 1679714439, 1679714533
01,79354697587, 1679722606, 1679722714
01,79207032295, 1679725157, 1679727742
02,79329215724, 1679726588, 1679726612
02,79213428586, 1679739498, 1679739786
02,79309022490, 1679748441, 1679749239
02,79207032295, 1679748990, 1679751481
01,79309022490, 1679749239, 1679752716
01,79213428586, 1679764461, 1679764569
02,79309022490, 1679774301, 1679774586
02,79249329531, 1679810105, 1679811821
02,79245609306, 1679814684, 1679814908
02,79269018407, 1679823846, 1679823954
01,79303578297, 1679825657, 1679825833
02,79312161317, 1679840636, 1679841216
02,79207032295, 1679841785, 1679843430
01,79263402459, 1679843688, 1679844264
01,79263402459, 1679882442, 1679882490
02,79269018407, 1679886646, 1679886658
02,79312161317, 1679892014, 1679895262
02,79269018407, 1679895614, 1679895770
01,79279668873, 1679922383, 1679922397
02,79249329531, 1679926299, 1679927586
01,79342195864, 1679940100, 1679940232
02,79312161317, 1679941442, 1679942196
02,79294269488, 1679944077, 1679944245
02,79263402459, 1679946120, 1679946792
01,79312161317, 1679946814, 1679947162
01,79249329531, 1679949601, 1679949964
02,79242238832, 1679964077, 1679964077
02,79303578297, 1679969176, 1679970040
01,79294269488, 1679970669, 1679971761
02,79294269488, 1679971761, 1679971992
01,79279668873, 1679982009, 1679982177
02,79309022490, 1679990436, 1679991291
01,79263402459, 1679997696, 1679998416
02,79342195864, 1680010957, 1680011639
01,79249329531, 1680011606, 1680012992
01,79213428586, 1680021189, 1680021621
02,79329215724, 1680027878, 1680027982
02,79242238832, 1680028493, 1680028853
02,79342195864, 1680030499, 1680030587
02,79263402459, 1680036594, 1680038802
01,79294269488, 1680038052, 1680038073
02,79309022490, 1680038778, 1680039006
01,79207032295, 1680039974, 1680040115
01,79263402459, 1680043044, 1680044244
01,79354697587, 1680051624, 1680051624
01,79213428586, 1680061101, 1680061929
01,79263402459, 1680061212, 1680063564
02,79354697587, 1680072844, 1680072952
02,79294269488, 1680077709, 1680077940
01,79329215724, 1680080584, 1680080648
01,79309022490, 1680082176, 1680083487
02,79213428586, 1680096474, 1680097734
02,79354697587, 1680099477, 1680099567
01,79213428586, 1680107604, 1680108072
02,79294269488, 1680113172, 1680113445
01,79342195864, 1680115457, 1680115468
02,79312161317, 1680122646, 1680123980
02,79309022490, 1680126657, 1680127170
01,79245609306, 1680128814, 1680128846
01,79269018407, 1680133104, 1680133200
01,79354697587, 1680136702, 1680136747
02,79342195864, 1680143758, 1680143868
02,79263402459, 1680152646, 1680153318
01,79213428586, 1680157422, 1680158322
01,79207032295, 1680178227, 1680180295
01,79342195864, 1680186303, 1680186413
02,79312161317, 1680188632, 1680189270
02,79263402459, 1680212706, 1680213138
