01,79263402459, 1696118400, 1696119408
01,79329215724, 1696118400, 1696119804
02,79312161317, 1696118400, 1696118960
02,79213428586, 1696118400, 1696118848
02,79242238832, 1696118400, 1696118425
01,79269018407, 1696118400, 1696118940
01,79303578297, 1696118400, 1696120820
02,79294269488, 1696118400, 1696118862
02,79245609306, 1696118400, 1696118435
02,79309022490, 1696118400, 1696119024
01,79207032295, 1696118400, 1696118632
02,79249329531, 1696118400, 1696120185
02,79354697587, 1696118400, 1696118647
01,79342195864, 1696118400, 1696118736
02,79279668873, 1696118400, 1696118448
01,79263402459, 1696123998, 1696124808
02,79213428586, 1696124172, 1696124256
02,79263402459, 1696133988, 1696134096
02,79329215724, 1696135636, 1696135818
02,79354697587, 1696137202, 1696137354
01,79312161317, 1696141934, 1696143390
01,79242238832, 1696150617, 1696150842
02,79245609306, 1696163711, 1696163711
01,79207032295, 1696169210, 1696170051
01,79329215724, 1696171440, 1696171596
02,79279668873, 1696173528, 1696173594
02,79309022490, 1696177524, 1696177888
01,79269018407, 1696177856, 1696177856
01,79329215724, 1696183470, 1696183730
02,79213428586, 1696193468, 1696193517
02,79269018407, 1696209580, 1696210570
01,79354697587, 1696211574, 1696211726
01,79329215724, 1696219352, 1696219560
02,79242238832, 1696231322, 1696232897
02,79309022490, 1696236388, 1696236596
01,79354697587, 1696245125, 1696245581
01,79213428586, 1696252081, 1696252214
01,79269018407, 1696260422, 1696261142
02,79249329531, 1696274185, 1696276174
02,79213428586, 1696289482, 1696289552
01,79342195864, 1696295767, 1696296271
02,79303578297, 1696331178, 1696331486
01,79213428586, 1696342792, 1696343219
02,79303578297, 1696363497, 1696364201
02,79263402459, 1696363596, 1696363794
02,79263402459, 1696368384, 1696368870
02,79329215724, 1696369964, 1696370042
01,79312161317, 1696376959, 1696377351
02,79303578297, 1696382493, 1696385133
01,79263402459, 1696382640, 1696382802
02,79342195864, 1696399196, 1696401800
02,79354697587, 1696401443, 1696401842
02,79354697587, 1696401842, 1696401880
02,79294269488, 1696403737, 1696404241
02,79309022490, 1696407221, 1696408885
01,79303578297, 1696407998, 1696409758
02,79245609306, 1696410671, 1696410685
01,79245609306, 1696410685, 1696410713
02,79242238832, 1696413977, 1696415577
01,79242238832, 1696419601, 1696420601
01,79354697587, 1696424146, 1696424355
02,79242238832, 1696428649, 1696428674
02,79249329531, 1696437874, 1696438537
01,79263402459, 1696437882, 1696438044
01,79354697587, 1696446621, 1696447096
01,79342195864, 1696447087, 1696447675
01,79279668873, 1696448994, 1696449348
02,79213428586, 1696449699, 1696449965
01,79207032295, 1696455127, 1696455852
01,79354697587, 1696465651, 1696465651
02,79354697587, 1696469362, 1696469381
01,79309022490, 1696472260, 1696472572
02,79354697587, 1696473092, 1696473282
02,79207032295, 1696478842, 1696479074
01,79245609306, 1696480685, 1696480783
01,79279668873, 1696486068, 1696486140
01,79213428586, 1696487233, 1696487240
02,79263402459, 1696488534, 1696488804
02,79294269488, 1696495616, 1696496204
02,79207032295, 1696497466, 1696497524
01,79354697587, 1696502970, 1696504129
02,79213428586, 1696513860, 1696513895
01,79242238832, 1696525250, 1696526525
02,79269018407, 1696533062, 1696534142
02,79354697587, 1696533817, 1696534083
01,79213428586, 1696540515, 1696540851
01,79309022490, 1696540822, 1696542382
01,79329215724, 1696579816, 1696580882
01,79269018407, 1696588526, 1696589111
01,79354697587, 1696589748, 1696590774
02,79249329531, 1696592537, 1696593098
02,79249329531, 1696600798, 1696604062
01,79269018407, 1696616303, 1696618823
02,79342195864, 1696616472, 1696618572
01,79354697587, 1696616751, 1696616827
01,79329215724, 1696620462, 1696620748
01,79329215724, 1696620748, 1696621086
01,79263402459, 1696621914, 1696623048
02,79312161317, 1696622407, 1696624759
01,79242238832, 1696627125, 1696628400
01,79329215724, 1696629002, 1696629366
01,79269018407, 1696632419, 1696634174
02,79245609306, 1696645423, 1696645430
01,79249329531, 1696646412, 1696646565
02,79342195864, 1696647391, 1696649323
01,79242238832, 1696648520, 1696648670
01,79354697587, 1696653937, 1696653975
02,79263402459, 1696673538, 1696674546
01,79309022490, 1696674007, 1696674319
02,79309022490, 1696679194, 1696679194
02,79309022490, 1696679194, 1696679506
01,79213428586, 1696679275, 1696679359
02,79329215724, 1696680820, 1696681184
02,79207032295, 1696681444, 1696683213
02,79294269488, 1696684329, 1696685505
02,79309022490, 1696689256, 1696690868
01,79303578297, 1696693284, 1696693416
02,79312161317, 1696716655, 1696716711
01,79245609306, 1696731866, 1696731880
01,79207032295, 1696733791, 1696733849
02,79279668873, 1696734000, 1696734060
01,79213428586, 1696737923, 1696738049
01,79294269488, 1696739255, 1696739381
01,79269018407, 1696742942, 1696743707
02,79245609306, 1696744228, 1696744375
01,79213428586, 1696754021, 1696754070
02,79329215724, 1696768260, 1696768390
02,79207032295, 1696770633, 1696770894
02,79269018407, 1696770899, 1696771484
02,79263402459, 1696784706, 1696785210
01,79294269488, 1696787756, 1696788344
01,79329215724, 1696796096, 1696796278
02,79294269488, 1696799094, 1696799514
01,79294269488, 1696804889, 1696805351
02,79242238832, 1696817678, 1696819278
01,79309022490, 1696822493, 1696824157
01,79242238832, 1696827326, 1696827576
02,79207032295, 1696835266, 1696835440
02,79342195864, 1696842822, 1696844712
01,79263402459, 1696844880, 1696845024
02,79354697587, 1696850658, 1696850810
01,79329215724, 1696851690, 1696851872
01,79249329531, 1696858315, 1696858774
02,79354697587, 1696861943, 1696862076
02,79249329531, 1696874174, 1696874531
01,79309022490, 1696877782, 1696877860
02,79342195864, 1696881765, 1696882269
01,79354697587, 1696884342, 1696885311
02,79249329531, 1696886081, 1696886744
02,79312161317, 1696889016, 1696889744
01,79249329531, 1696902144, 1696902909
01,79279668873, 1696926840, 1696927200
01,79249329531, 1696941409, 1696941562
01,79294269488, 1696945101, 1696947747
02,79309022490, 1696950985, 1696951193
01,79312161317, 1696951008, 1696951456
01,79249329531, 1696956962, 1696957472
01,79354697587, 1696970664, 1696970854
02,79303578297, 1696972369, 1696973381
02,79242238832, 1696972440, 1696973440
01,79303578297, 1696973381, 1696973777
02,79354697587, 1696978276, 1696978276
02,79279668873, 1696982280, 1696982580
02,79294269488, 1696985372, 1696987934
01,79312161317, 1696993575, 1696994191
01,79207032295, 1696996370, 1696996602
01,79303578297, 1697001215, 1697001479
01,79213428586, 1697004298, 1697004354
02,79245609306, 1697007799, 1697007946
02,79249329531, 1697011372, 1697011627
02,79245609306, 1697016178, 1697016605
02,79329215724, 1697026024, 1697026700
02,79354697587, 1697026519, 1697026880
02,79263402459, 1697033214, 1697033736
01,79249329531, 1697042427, 1697042835
02,79269018407, 1697043404, 1697046284
02,79279668873, 1697051430, 1697051520
02,79329215724, 1697054406, 1697054718
01,79207032295, 1697056376, 1697057826
01,79207032295, 1697057826, 1697057971
02,79309022490, 1697058443, 1697058989
02,79213428586, 1697068242, 1697068249
01,79249329531, 1697073635, 1697073839
02,79329215724, 1697074508, 1697074534
01,79354697587, 1697075123, 1697075123
02,79207032295, 1697094755, 1697094813
01,79245609306, 1697111273, 1697111539
01,79269018407, 1697123328, 1697123643
02,79294269488, 1697133059, 1697133395
02,79213428586, 1697137461, 1697137559
02,79263402459, 1697139306, 1697140080
01,79342195864, 1697145757, 1697145799
01,79312161317, 1697166496, 1697166888
01,79342195864, 1697178735, 1697178819
01,79213428586, 1697180151, 1697180235
02,79294269488, 1697181770, 1697182064
01,79207032295, 1697195969, 1697196114
01,79303578297, 1697198118, 1697198250
02,79242238832, 1697198784, 1697200284
02,79312161317, 1697205178, 1697205962
01,79242238832, 1697212356, 1697212506
02,79342195864, 1697215872, 1697216376
02,79249329531, 1697223989, 1697224040
01,79294269488, 1697225064, 1697225526
02,79207032295, 1697232898, 1697233565
02,79279668873, 1697235120, 1697235504
02,79329215724, 1697236812, 1697237098
01,79309022490, 1697239364, 1697240664
01,79303578297, 1697243980, 1697244464
01,79303578297, 1697253610, 1697254094
01,79312161317, 1697259568, 1697260352
02,79342195864, 1697261663, 1697262881
02,79329215724, 1697280636, 1697280922
02,79309022490, 1697294289, 1697294367
02,79354697587, 1697297783, 1697298942
02,79249329531, 1697308740, 1697309811
02,79329215724, 1697316544, 1697316830
01,79245609306, 1697329687, 1697329750
02,79309022490, 1697333367, 1697333419
02,79309022490, 1697338294, 1697338502
02,79269018407, 1697345711, 1697346926
02,79354697587, 1697347185, 1697347888
02,79294269488, 1697354526, 1697354862
02,79312161317, 1697356077, 1697356413
01,79294269488, 1697365612, 1697368258
01,79329215724, 1697372242, 1697372372
01,79242238832, 1697377490, 1697377565
01,79309022490, 1697377502, 1697378178
01,79269018407, 1697383182, 1697383767
02,79207032295, 1697394495, 1697394611
01,79354697587, 1697396131, 1697396397
02,79213428586, 1697409167, 1697409258
01,79329215724, 1697415910, 1697415962
02,79269018407, 1697420023, 1697420248
01,79269018407, 1697420248, 1697420338
02,79294269488, 1697422008, 1697423856
02,79279668873, 1697428284, 1697428356
01,79279668873, 1697428356, 1697428356
02,79263402459, 1697429250, 1697429340
02,79279668873, 1697437536, 1697437878
01,79354697587, 1697440929, 1697441936
02,79303578297, 1697441587, 1697444007
01,79279668873, 1697447058, 1697447280
02,79354697587, 1697453069, 1697453335
01,79329215724, 1697459500, 1697459994
02,79269018407, 1697470190, 1697471900
02,79279668873, 1697479410, 1697479686
01,79303578297, 1697480591, 1697481163
02,79294269488, 1697488356, 1697488734
02,79263402459, 1697489010, 1697489100
01,79354697587, 1697494156, 1697494327
01,79312161317, 1697498086, 1697498646
02,79249329531, 1697502311, 1697502566
01,79245609306, 1697502622, 1697502650
02,79312161317, 1697513962, 1697514578
02,79342195864, 1697514018, 1697514648
01,79354697587, 1697520304, 1697520779
01,79207032295, 1697523355, 1697525153
02,79312161317, 1697526065, 1697527129
02,79249329531, 1697533366, 1697533927
02,79249329531, 1697553177, 1697553432
01,79263402459, 1697553360, 1697553360
01,79354697587, 1697554178, 1697554368
01,79342195864, 1697555818, 1697555986
01,79242238832, 1697558645, 1697559020
01,79249329531, 1697561132, 1697561642
01,79242238832, 1697563044, 1697563119
01,79242238832, 1697567143, 1697568718
01,79312161317, 1697573077, 1697575541
02,79249329531, 1697573192, 1697576048
02,79207032295, 1697589525, 1697589786
01,79249329531, 1697606848, 1697607256
01,79294269488, 1697606984, 1697607362
02,79279668873, 1697612796, 1697612838
02,79354697587, 1697624877, 1697625276
01,79354697587, 1697625276, 1697626112
02,79354697587, 1697666933, 1697667066
02,79279668873, 1697667918, 1697667984
02,79294269488, 1697671862, 1697672996
02,79242238832, 1697681390, 1697681490
01,79309022490, 1697685303, 1697685433
01,79303578297, 1697691521, 1697692093
02,79207032295, 1697700138, 1697700863
02,79329215724, 1697709348, 1697710102
02,79354697587, 1697715309, 1697715575
01,79279668873, 1697718474, 1697718504
01,79263402459, 1697723190, 1697723352
01,79263402459, 1697723352, 1697723406
02,79213428586, 1697728698, 1697728705
01,79303578297, 1697733250, 1697733646
01,79329215724, 1697737808, 1697738172
02,79329215724, 1697742130, 1697742702
01,79309022490, 1697748808, 1697750186
01,79269018407, 1697752884, 1697754459
02,79342195864, 1697753602, 1697753896
01,79245609306, 1697753726, 1697753803
01,79342195864, 1697753896, 1697756458
01,79245609306, 1697770267, 1697770337
01,79213428586, 1697771297, 1697771724
02,79249329531, 1697772806, 1697774183
02,79342195864, 1697789394, 1697791536
02,79294269488, 1697791246, 1697791582
01,79342195864, 1697795653, 1697795737
02,79303578297, 1697797668, 1697797932
02,79329215724, 1697798114, 1697798556
01,79213428586, 1697798344, 1697798652
01,79329215724, 1697798556, 1697798582
02,79312161317, 1697801452, 1697802180
02,79303578297, 1697811651, 1697811827
01,79269018407, 1697817907, 1697818537
02,79269018407, 1697823069, 1697825184
02,79249329531, 1697824233, 1697826222
02,79342195864, 1697836907, 1697837033
01,79342195864, 1697845267, 1697845771
01,79249329531, 1697853172, 1697853223
01,79213428586, 1697862540, 1697862911
01,79342195864, 1697866356, 1697866566
01,79342195864, 1697878917, 1697881059
02,79269018407, 1697884100, 1697884460
02,79354697587, 1697897414, 1697897490
02,79269018407, 1697898056, 1697898461
02,79294269488, 1697904457, 1697904583
01,79242238832, 1697926954, 1697927204
02,79342195864, 1697930463, 1697931597
02,79342195864, 1697943948, 1697944158
01,79269018407, 1697957377, 1697957557
02,79329215724, 1697964818, 1697966430
02,79312161317, 1697966827, 1697967611
02,79279668873, 1697970954, 1697971170
01,79207032295, 1697976743, 1697976801
01,79245609306, 1697984369, 1697984488
01,79263402459, 1697989626, 1697989878
02,79312161317, 1698005901, 1698006517
02,79303578297, 1698008466, 1698008686
01,79309022490, 1698013436, 1698015022
01,79207032295, 1698031977, 1698032528
01,79263402459, 1698035778, 1698035832
01,79245609306, 1698054460, 1698054600
02,79245609306, 1698058716, 1698058723
02,79354697587, 1698079329, 1698079633
01,79263402459, 1698086322, 1698086430
02,79245609306, 1698087535, 1698087605
01,79249329531, 1698095773, 1698098374
01,79342195864, 1698096487, 1698097033
02,79294269488, 1698119583, 1698120675
01,79245609306, 1698128765, 1698128828
02,79342195864, 1698146437, 1698146479
01,79245609306, 1698153524, 1698153531
01,79309022490, 1698156397, 1698156631
01,79294269488, 1698163675, 1698164851
02,79354697587, 1698172408, 1698172465
02,79329215724, 1698176204, 1698176308
01,79294269488, 1698180976, 1698181228
01,79242238832, 1698184740, 1698185315
02,79309022490, 1698185881, 1698186063
01,79213428586, 1698187675, 1698187878
02,79309022490, 1698190938, 1698191042
02,79354697587, 1698191020, 1698191267
02,79309022490, 1698200792, 1698200922
02,79342195864, 1698204117, 1698206385
02,79242238832, 1698209459, 1698210659
01,79245609306, 1698211155, 1698211211
01,79242238832, 1698218707, 1698219632
01,79329215724, 1698231720, 1698231954
02,79329215724, 1698231954, 1698232006
01,79312161317, 1698236257, 1698236425
02,79279668873, 1698237390, 1698237438
01,79269018407, 1698247605, 1698250170
01,79309022490, 1698249672, 1698249750
02,79309022490, 1698254625, 1698256289
02,79309022490, 1698256289, 1698256653
02,79269018407, 1698259234, 1698260899
02,79213428586, 1698262414, 1698262470
01,79329215724, 1698271586, 1698271820
02,79342195864, 1698272257, 1698272299
02,79303578297, 1698273920, 1698274272
01,79269018407, 1698279027, 1698279432
01,79269018407, 1698279432, 1698281997
02,79263402459, 1698288390, 1698288624
02,79263402459, 1698288624, 1698288624
01,79303578297, 1698292564, 1698295380
01,79342195864, 1698292884, 1698293010
01,79207032295, 1698299212, 1698300053
02,79294269488, 1698299478, 1698299982
02,79269018407, 1698304657, 1698305737
01,79303578297, 1698318245, 1698319037
01,79342195864, 1698321829, 1698322165
01,79303578297, 1698328183, 1698330119
01,79309022490, 1698329778, 1698330038
02,79342195864, 1698330399, 1698330399
01,79312161317, 1698335979, 1698338107
01,79294269488, 1698342982, 1698343570
02,79249329531, 1698344774, 1698344927
01,79213428586, 1698358302, 1698358372
02,79309022490, 1698359288, 1698360354
01,79242238832, 1698360472, 1698360922
01,79213428586, 1698363696, 1698363710
01,79294269488, 1698375820, 1698376240
01,79249329531, 1698387277, 1698387532
02,79342195864, 1698388037, 1698388079
02,79269018407, 1698400909, 1698403654
01,79242238832, 1698401162, 1698401362
01,79342195864, 1698408664, 1698409168
02,79249329531, 1698410632, 1698411346
01,79213428586, 1698411626, 1698411717
01,79242238832, 1698413434, 1698413759
01,79354697587, 1698417638, 1698418360
01,79263402459, 1698421734, 1698422850
02,79342195864, 1698425636, 1698427694
01,79242238832, 1698429855, 1698430880
01,79354697587, 1698455470, 1698456344
02,79263402459, 1698459570, 1698459804
02,79245609306, 1698466403, 1698466606
01,79245609306, 1698466606, 1698466746
02,79329215724, 1698477636, 1698477792
01,79342195864, 1698481215, 1698483651
02,79354697587, 1698482321, 1698482416
01,79242238832, 1698483192, 1698483517
01,79294269488, 1698494490, 1698497052
01,79279668873, 1698499068, 1698499374
02,79312161317, 1698506583, 1698508599
02,79263402459, 1698514884, 1698515028
01,79279668873, 1698522324, 1698522336
01,79342195864, 1698524821, 1698524821
01,79207032295, 1698525355, 1698525587
01,79354697587, 1698530659, 1698531039
01,79309022490, 1698535854, 1698535958
02,79312161317, 1698539231, 1698539679
01,79294269488, 1698556177, 1698557815
02,79354697587, 1698560727, 1698561601
01,79249329531, 1698561496, 1698561700
01,79312161317, 1698585627, 1698586411
02,79354697587, 1698591289, 1698591327
01,79354697587, 1698591327, 1698592391
02,79263402459, 1698593058, 1698593310
01,79249329531, 1698607900, 1698611011
01,79249329531, 1698614861, 1698618023
02,79303578297, 1698618218, 1698618658
01,79354697587, 1698636923, 1698637246
02,79263402459, 1698648390, 1698649272
01,79309022490, 1698667583, 1698668025
01,79269018407, 1698675574, 1698676114
02,79279668873, 1698701346, 1698701388
01,79245609306, 1698701358, 1698701407
