01,79263402459, 1701388800, 1701388891
01,79329215724, 1701388800, 1701389130
02,79312161317, 1701388800, 1701389220
01,79213428586, 1701388800, 1701388904
01,79242238832, 1701388800, 1701389133
02,79269018407, 1701388800, 1701390534
01,79303578297, 1701388800, 1701388800
02,79294269488, 1701388800, 1701389200
02,79245609306, 1701388800, 1701388932
01,79309022490, 1701388800, 1701389003
01,79207032295, 1701388800, 1701391446
02,79249329531, 1701388800, 1701388830
02,79354697587, 1701388800, 1701388980
01,79342195864, 1701388800, 1701390789
02,79279668873, 1701388800, 1701388920
01,79309022490, 1701389003, 1701389293
02,79294269488, 1701415410, 1701415610
02,79342195864, 1701427709, 1701428684
01,79207032295, 1701429294, 1701431142
01,79242238832, 1701430869, 1701431054
01,79242238832, 1701431054, 1701431535
01,79242238832, 1701436752, 1701436900
02,79249329531, 1701437160, 1701437502
01,79249329531, 1701437502, 1701437568
02,79354697587, 1701443544, 1701444264
01,79279668873, 1701446436, 1701446646
01,79269018407, 1701451242, 1701451650
01,79207032295, 1701454797, 1701455049
02,79294269488, 1701462788, 1701463288
02,79294269488, 1701463288, 1701463838
02,79249329531, 1701471399, 1701471549
02,79294269488, 1701490048, 1701490548
01,79309022490, 1701498518, 1701498576
02,79269018407, 1701507299, 1701507673
01,79312161317, 1701507946, 1701508086
02,79354697587, 1701517016, 1701519851
02,79249329531, 1701529545, 1701529563
01,79354697587, 1701533492, 1701535607
02,79207032295, 1701535476, 1701535854
02,79309022490, 1701542266, 1701542295
01,79294269488, 1701542968, 1701544118
02,79269018407, 1701543086, 1701543426
01,79279668873, 1701556885, 1701557065
01,79245609306, 1701571920, 1701572008
02,79279668873, 1701585823, 1701587443
02,79263402459, 1701594691, 1701594705
01,79354697587, 1701594718, 1701596698
01,79279668873, 1701597029, 1701597119
01,79309022490, 1701603461, 1701605230
02,79309022490, 1701605230, 1701606738
02,79269018407, 1701614252, 1701614830
02,79263402459, 1701628305, 1701628347
02,79354697587, 1701628527, 1701629157
02,79342195864, 1701646512, 1701647994
01,79245609306, 1701647590, 1701649570
02,79213428586, 1701654063, 1701654115
02,79279668873, 1701659428, 1701659788
02,79303578297, 1701660141, 1701661833
02,79249329531, 1701664887, 1701665235
02,79249329531, 1701679734, 1701679782
01,79303578297, 1701680229, 1701681741
02,79249329531, 1701684615, 1701684657
02,79312161317, 1701693918, 1701694128
01,79329215724, 1701699630, 1701701610
02,79303578297, 1701704736, 1701705312
01,79279668873, 1701712511, 1701712811
01,79269018407, 1701721069, 1701723211
01,79329215724, 1701727485, 1701729399
02,79249329531, 1701728154, 1701728202
02,79312161317, 1701730262, 1701730332
01,79312161317, 1701740656, 1701741566
02,79249329531, 1701742701, 1701742779
01,79213428586, 1701744169, 1701744325
01,79329215724, 1701750099, 1701752211
02,79207032295, 1701758211, 1701758589
02,79294269488, 1701759040, 1701759190
01,79294269488, 1701764432, 1701767482
02,79312161317, 1701767376, 1701767516
02,79242238832, 1701770788, 1701770936
02,79329215724, 1701778086, 1701778218
02,79269018407, 1701778860, 1701778894
01,79249329531, 1701791109, 1701791385
01,79263402459, 1701796347, 1701796767
01,79312161317, 1701798488, 1701800728
02,79329215724, 1701804093, 1701804258
01,79294269488, 1701819902, 1701820302
01,79242238832, 1701823106, 1701823513
02,79312161317, 1701842024, 1701842129
01,79263402459, 1701847167, 1701847167
01,79242238832, 1701854815, 1701856332
01,79242238832, 1701856332, 1701857220
01,79245609306, 1701868360, 1701868624
02,79309022490, 1701873247, 1701873450
01,79354697587, 1701874695, 1701877170
01,79294269488, 1701877964, 1701879814
01,79342195864, 1701884282, 1701884750
01,79279668873, 1701885359, 1701885779
01,79354697587, 1701908999, 1701911429
01,79242238832, 1701914607, 1701914755
01,79294269488, 1701916508, 1701917908
02,79312161317, 1701919559, 1701919664
02,79312161317, 1701940312, 1701940767
02,79207032295, 1701952560, 1701952896
02,79279668873, 1701952881, 1701953271
01,79242238832, 1701956491, 1701957120
02,79207032295, 1701971820, 1701971904
02,79242238832, 1701972771, 1701973844
02,79354697587, 1701975087, 1701977382
01,79303578297, 1701981252, 1701982044
02,79213428586, 1701984469, 1701984521
02,79213428586, 1701984521, 1701986549
01,79249329531, 1701984705, 1701984765
02,79207032295, 1701995559, 1701996063
01,79279668873, 1701996408, 1701997998
02,79249329531, 1702004097, 1702004415
01,79329215724, 1702006083, 1702006479
01,79279668873, 1702017170, 1702017380
01,79207032295, 1702029180, 1702031826
02,79342195864, 1702032430, 1702033366
01,79249329531, 1702033413, 1702033797
02,79242238832, 1702036448, 1702036892
01,79279668873, 1702036552, 1702036882
02,79279668873, 1702036882, 1702037272
02,79249329531, 1702038630, 1702038714
01,79279668873, 1702042065, 1702042875
01,79309022490, 1702048210, 1702048210
01,79263402459, 1702048767, 1702049138
02,79213428586, 1702051588, 1702052056
02,79312161317, 1702054331, 1702054436
02,79303578297, 1702069425, 1702069785
02,79303578297, 1702074384, 1702075644
01,79354697587, 1702081963, 1702082233
02,79269018407, 1702082434, 1702082638
01,79354697587, 1702086780, 1702087275
01,79213428586, 1702087077, 1702087285
01,79303578297, 1702089441, 1702091493
02,79309022490, 1702091900, 1702091900
01,79242238832, 1702094279, 1702094686
02,79245609306, 1702103326, 1702104118
01,79279668873, 1702109977, 1702110277
01,79249329531, 1702111209, 1702111245
01,79342195864, 1702121974, 1702124314
02,79242238832, 1702131205, 1702131686
01,79263402459, 1702133138, 1702133334
02,79294269488, 1702138072, 1702138072
01,79263402459, 1702150134, 1702150148
02,79249329531, 1702159575, 1702159617
01,79245609306, 1702159810, 1702162538
02,79309022490, 1702170542, 1702170919
02,79263402459, 1702171148, 1702171274
01,79279668873, 1702186965, 1702188825
01,79213428586, 1702187345, 1702187813
01,79294269488, 1702190492, 1702190692
01,79263402459, 1702192274, 1702192624
02,79245609306, 1702194362, 1702196122
02,79279668873, 1702198411, 1702198651
01,79329215724, 1702203129, 1702203492
02,79245609306, 1702243858, 1702245926
01,79213428586, 1702252852, 1702255920
01,79245609306, 1702257860, 1702258608
01,79294269488, 1702258838, 1702259538
01,79213428586, 1702285938, 1702288122
02,79309022490, 1702288882, 1702289230
02,79354697587, 1702291890, 1702292385
02,79309022490, 1702293599, 1702293628
01,79207032295, 1702296762, 1702296972
01,79342195864, 1702297838, 1702298306
02,79249329531, 1702299774, 1702299918
02,79294269488, 1702311958, 1702312308
01,79294269488, 1702322792, 1702323442
01,79303578297, 1702326042, 1702326402
02,79354697587, 1702333308, 1702336098
02,79249329531, 1702338582, 1702338948
01,79303578297, 1702340199, 1702340631
02,79309022490, 1702341687, 1702343340
01,79329215724, 1702353567, 1702355547
02,79354697587, 1702354286, 1702354646
01,79354697587, 1702354646, 1702354646
02,79269018407, 1702355824, 1702356232
02,79207032295, 1702367937, 1702368021
01,79312161317, 1702369318, 1702371313
02,79342195864, 1702372146, 1702372497
02,79312161317, 1702376475, 1702376825
01,79263402459, 1702377424, 1702377515
02,79294269488, 1702391588, 1702392138
02,79207032295, 1702391676, 1702392096
02,79249329531, 1702396944, 1702397022
02,79303578297, 1702405017, 1702405485
01,79279668873, 1702409543, 1702409963
01,79329215724, 1702422822, 1702423152
02,79342195864, 1702424185, 1702426564
01,79279668873, 1702424342, 1702424522
02,79294269488, 1702428832, 1702429482
02,79312161317, 1702438769, 1702439049
02,79354697587, 1702454680, 1702457425
02,79303578297, 1702456074, 1702456434
02,79207032295, 1702458330, 1702460766
01,79242238832, 1702465574, 1702466869
01,79354697587, 1702471066, 1702471291
02,79354697587, 1702480385, 1702482275
01,79245609306, 1702481376, 1702481728
01,79354697587, 1702491369, 1702491774
02,79309022490, 1702518100, 1702518332
02,79263402459, 1702537115, 1702537220
01,79354697587, 1702537244, 1702537559
01,79294269488, 1702560532, 1702563332
01,79245609306, 1702565266, 1702565574
02,79303578297, 1702566810, 1702567242
02,79354697587, 1702569388, 1702569568
02,79329215724, 1702573227, 1702574184
01,79342195864, 1702581628, 1702584085
01,79213428586, 1702598308, 1702598516
02,79303578297, 1702608633, 1702608705
01,79303578297, 1702608705, 1702609101
02,79279668873, 1702611449, 1702611509
02,79329215724, 1702620759, 1702620858
01,79312161317, 1702624881, 1702624986
01,79303578297, 1702627497, 1702627533
02,79354697587, 1702628679, 1702629669
01,79342195864, 1702635773, 1702636163
02,79354697587, 1702638763, 1702640023
01,79269018407, 1702639536, 1702641610
01,79249329531, 1702643505, 1702643733
01,79303578297, 1702650528, 1702650528
01,79269018407, 1702661846, 1702661880
02,79242238832, 1702665115, 1702665670
02,79245609306, 1702669002, 1702669750
02,79242238832, 1702670887, 1702671331
01,79207032295, 1702673661, 1702673703
02,79342195864, 1702676775, 1702677126
01,79354697587, 1702685493, 1702688013
01,79245609306, 1702685662, 1702687554
02,79249329531, 1702692063, 1702692081
02,79329215724, 1702714008, 1702714833
01,79303578297, 1702714914, 1702714986
01,79279668873, 1702726541, 1702727741
02,79242238832, 1702728718, 1702729051
01,79342195864, 1702728814, 1702730530
01,79294269488, 1702752044, 1702752594
01,79342195864, 1702767450, 1702767957
02,79263402459, 1702772420, 1702772504
02,79309022490, 1702784841, 1702786407
02,79279668873, 1702785257, 1702785557
02,79354697587, 1702806235, 1702806685
01,79354697587, 1702811232, 1702811277
01,79303578297, 1702811565, 1702812969
01,79263402459, 1702822904, 1702822939
01,79329215724, 1702823508, 1702823772
01,79207032295, 1702844019, 1702844985
02,79279668873, 1702852659, 1702853859
01,79279668873, 1702858652, 1702858712
02,79303578297, 1702858959, 1702860003
01,79245609306, 1702890432, 1702892060
02,79312161317, 1702893410, 1702893585
01,79269018407, 1702894594, 1702895342
01,79213428586, 1702908702, 1702908702
02,79342195864, 1702915637, 1702917236
01,79294269488, 1702936064, 1702936214
01,79269018407, 1702950991, 1702952827
01,79207032295, 1702953798, 1702953966
02,79269018407, 1702957886, 1702958328
02,79249329531, 1702957896, 1702957968
02,79312161317, 1702960691, 1702961041
01,79249329531, 1702972467, 1702972791
01,79213428586, 1702973741, 1702974937
02,79207032295, 1702977621, 1702977789
02,79213428586, 1702979940, 1702982852
01,79312161317, 1702986851, 1702986921
02,79207032295, 1702991982, 1702992318
01,79269018407, 1702993741, 1702994081
01,79242238832, 1703015986, 1703016467
02,79312161317, 1703017893, 1703018103
02,79309022490, 1703017964, 1703019791
01,79249329531, 1703030787, 1703030829
02,79354697587, 1703034080, 1703034575
01,79269018407, 1703034553, 1703034893
01,79294269488, 1703035812, 1703037962
01,79354697587, 1703043669, 1703044209
02,79242238832, 1703052986, 1703055243
01,79279668873, 1703069604, 1703070084
01,79312161317, 1703069723, 1703071858
02,79294269488, 1703074656, 1703075756
02,79342195864, 1703083376, 1703083493
02,79249329531, 1703083992, 1703084280
02,79245609306, 1703090960, 1703091840
02,79263402459, 1703091739, 1703091739
02,79213428586, 1703102924, 1703103340
02,79354697587, 1703107867, 1703110747
01,79312161317, 1703107992, 1703108342
02,79213428586, 1703113346, 1703115634
02,79309022490, 1703115909, 1703115938
01,79342195864, 1703124105, 1703125470
01,79354697587, 1703124388, 1703124793
02,79354697587, 1703124793, 1703124883
01,79263402459, 1703125339, 1703125696
01,79312161317, 1703128990, 1703129445
02,79207032295, 1703129517, 1703131029
01,79207032295, 1703131029, 1703132919
01,79245609306, 1703131620, 1703134216
02,79279668873, 1703132393, 1703132573
02,79207032295, 1703137650, 1703138070
01,79249329531, 1703142276, 1703142348
01,79294269488, 1703143902, 1703144652
01,79329215724, 1703144622, 1703146668
02,79303578297, 1703149740, 1703150676
01,79294269488, 1703149894, 1703152444
01,79342195864, 1703151314, 1703152835
01,79303578297, 1703155275, 1703155707
02,79249329531, 1703156847, 1703156895
01,79249329531, 1703161728, 1703161800
01,79309022490, 1703163997, 1703164345
02,79354697587, 1703183994, 1703184219
01,79213428586, 1703185676, 1703186144
02,79312161317, 1703186227, 1703186542
02,79242238832, 1703196102, 1703196509
02,79342195864, 1703197139, 1703197334
01,79312161317, 1703202028, 1703204233
01,79294269488, 1703210106, 1703210256
02,79309022490, 1703225511, 1703225830
01,79342195864, 1703230562, 1703231225
01,79207032295, 1703232690, 1703232774
01,79249329531, 1703234295, 1703234529
01,79269018407, 1703237253, 1703237457
01,79354697587, 1703247877, 1703248102
02,79213428586, 1703251183, 1703253679
02,79213428586, 1703278694, 1703279266
01,79294269488, 1703283644, 1703284144
01,79263402459, 1703297896, 1703297987
02,79213428586, 1703299278, 1703299746
01,79213428586, 1703299746, 1703299850
01,79294269488, 1703326080, 1703329130
01,79329215724, 1703338143, 1703338605
01,79279668873, 1703338672, 1703339002
02,79245609306, 1703341072, 1703343800
01,79213428586, 1703344877, 1703346333
01,79263402459, 1703352587, 1703352650
01,79279668873, 1703353381, 1703354131
01,79213428586, 1703356339, 1703356547
02,79263402459, 1703361050, 1703361071
02,79213428586, 1703361550, 1703364098
02,79213428586, 1703369101, 1703370297
02,79294269488, 1703381550, 1703383000
01,79342195864, 1703382597, 1703383143
01,79342195864, 1703390527, 1703391892
02,79245609306, 1703395514, 1703395998
02,79245609306, 1703395998, 1703395998
02,79294269488, 1703398726, 1703399276
01,79263402459, 1703398871, 1703398934
02,79303578297, 1703399454, 1703401758
01,79213428586, 1703400315, 1703400419
02,79279668873, 1703406854, 1703408504
02,79294269488, 1703409760, 1703410610
02,79329215724, 1703411055, 1703412441
02,79312161317, 1703415875, 1703416435
01,79294269488, 1703421094, 1703422094
01,79269018407, 1703429699, 1703430549
01,79263402459, 1703432534, 1703432800
01,79269018407, 1703435608, 1703436050
01,79245609306, 1703435778, 1703438286
02,79263402459, 1703437000, 1703437287
02,79329215724, 1703448666, 1703449062
02,79207032295, 1703450400, 1703453046
02,79354697587, 1703457264, 1703457759
02,79329215724, 1703459412, 1703460963
02,79342195864, 1703469424, 1703470126
02,79213428586, 1703475464, 1703475724
02,79329215724, 1703476488, 1703476752
02,79354697587, 1703480494, 1703483329
01,79207032295, 1703481432, 1703481726
01,79207032295, 1703481726, 1703482230
02,79309022490, 1703483601, 1703485283
02,79312161317, 1703488703, 1703489123
01,79279668873, 1703489985, 1703490315
01,79245609306, 1703490000, 1703490484
01,79242238832, 1703499095, 1703499206
02,79309022490, 1703502759, 1703502962
02,79294269488, 1703521692, 1703522242
02,79213428586, 1703525754, 1703525962
01,79354697587, 1703528799, 1703529204
02,79242238832, 1703530508, 1703530619
01,79309022490, 1703533545, 1703533661
01,79249329531, 1703539008, 1703539218
01,79242238832, 1703561921, 1703563623
02,79329215724, 1703569902, 1703569902
02,79213428586, 1703570989, 1703571145
02,79342195864, 1703577194, 1703577350
02,79309022490, 1703594827, 1703595088
02,79312161317, 1703602687, 1703602687
02,79309022490, 1703603826, 1703604232
01,79329215724, 1703621652, 1703622873
01,79263402459, 1703630487, 1703630508
01,79329215724, 1703633223, 1703633355
02,79303578297, 1703650104, 1703650752
02,79279668873, 1703662863, 1703663013
01,79245609306, 1703685406, 1703685978
01,79269018407, 1703699118, 1703699424
01,79329215724, 1703700630, 1703702247
01,79303578297, 1703701341, 1703701377
02,79207032295, 1703732973, 1703733771
01,79342195864, 1703747182, 1703747299
01,79303578297, 1703747367, 1703747655
02,79245609306, 1703749626, 1703750770
01,79312161317, 1703752385, 1703752525
01,79245609306, 1703754748, 1703756596
02,79249329531, 1703776035, 1703776263
01,79354697587, 1703783836, 1703786266
02,79207032295, 1703790543, 1703792223
01,79342195864, 1703798987, 1703799416
02,79354697587, 1703813548, 1703813998
02,79312161317, 1703824793, 1703825108
01,79309022490, 1703840158, 1703841840
01,79309022490, 1703850578, 1703850607
02,79294269488, 1703857730, 1703857730
02,79242238832, 1703876643, 1703877087
01,79309022490, 1703876821, 1703877575
01,79213428586, 1703881331, 1703882215
02,79263402459, 1703886708, 1703886785
02,79354697587, 1703895844, 1703895979
01,79312161317, 1703897376, 1703897691
01,79309022490, 1703899420, 1703901189
01,79329215724, 1703904072, 1703904072
01,79312161317, 1703918339, 1703919704
01,79245609306, 1703927650, 1703928178
01,79354697587, 1703927808, 1703930508
02,79329215724, 1703935122, 1703935584
02,79242238832, 1703944908, 1703946610
02,79329215724, 1703951109, 1703951703
02,79269018407, 1703952374, 1703953564
01,79279668873, 1703955386, 1703956766
02,79245609306, 1703956024, 1703956772
01,79354697587, 1703971431, 1703971701
